0.014072 0.014072 0.004003 0.004003 0.013444 0.013444 1.000000 
num_errors_bg: 1375.000000
num_pixels_bg: 97712.000000
num_errors_fg: 26.000000
num_pixels_bg: 6495.000000
num_errors_all: 1401.000000
num_pixels_all: 104207.000000
