0.053667 0.053667 0.002312 0.002312 0.049854 0.049854 1.000000 
num_errors_bg: 4052.000000
num_pixels_bg: 75502.000000
num_errors_fg: 14.000000
num_pixels_bg: 6056.000000
num_errors_all: 4066.000000
num_pixels_all: 81558.000000
