0.014496 0.014496 0.004981 0.004981 0.012857 0.012857 1.000000 
num_errors_bg: 1385.000000
num_pixels_bg: 95546.000000
num_errors_fg: 99.000000
num_pixels_bg: 19876.000000
num_errors_all: 1484.000000
num_pixels_all: 115422.000000
