0.046850 0.046850 0.004974 0.004974 0.041298 0.041298 1.000000 
num_errors_bg: 3882.000000
num_pixels_bg: 82861.000000
num_errors_fg: 63.000000
num_pixels_bg: 12665.000000
num_errors_all: 3945.000000
num_pixels_all: 95526.000000
