0.003222 0.003222 0.003261 0.003261 0.003229 0.003229 1.000000 
num_errors_bg: 224.000000
num_pixels_bg: 69524.000000
num_errors_fg: 46.000000
num_pixels_bg: 14104.000000
num_errors_all: 270.000000
num_pixels_all: 83628.000000
