0.027687 0.027687 0.007268 0.007268 0.026770 0.026770 1.000000 
num_errors_bg: 2593.000000
num_pixels_bg: 93655.000000
num_errors_fg: 32.000000
num_pixels_bg: 4403.000000
num_errors_all: 2625.000000
num_pixels_all: 98058.000000
