0.012751 0.012751 0.004955 0.004955 0.011672 0.011672 1.000000 
num_errors_bg: 1089.000000
num_pixels_bg: 85406.000000
num_errors_fg: 68.000000
num_pixels_bg: 13723.000000
num_errors_all: 1157.000000
num_pixels_all: 99129.000000
