0.013462 0.013462 0.000775 0.000775 0.010702 0.010702 1.000000 
num_errors_bg: 625.000000
num_pixels_bg: 46426.000000
num_errors_fg: 10.000000
num_pixels_bg: 12911.000000
num_errors_all: 635.000000
num_pixels_all: 59337.000000
