0.006088 0.006088 0.004729 0.004729 0.005799 0.005799 1.000000 
num_errors_bg: 516.000000
num_pixels_bg: 84762.000000
num_errors_fg: 108.000000
num_pixels_bg: 22836.000000
num_errors_all: 624.000000
num_pixels_all: 107598.000000
