0.031077 0.031077 0.008286 0.008286 0.024002 0.024002 1.000000 
num_errors_bg: 2491.000000
num_pixels_bg: 80157.000000
num_errors_fg: 299.000000
num_pixels_bg: 36084.000000
num_errors_all: 2790.000000
num_pixels_all: 116241.000000
