0.006386 0.006386 0.000925 0.000925 0.005825 0.005825 1.000000 
num_errors_bg: 603.000000
num_pixels_bg: 94432.000000
num_errors_fg: 10.000000
num_pixels_bg: 10811.000000
num_errors_all: 613.000000
num_pixels_all: 105243.000000
