0.042537 0.042537 0.003879 0.003879 0.040906 0.040906 1.000000 
num_errors_bg: 3734.000000
num_pixels_bg: 87783.000000
num_errors_fg: 15.000000
num_pixels_bg: 3867.000000
num_errors_all: 3749.000000
num_pixels_all: 91650.000000
