0.005152 0.005152 0.004200 0.004200 0.005105 0.005105 1.000000 
num_errors_bg: 588.000000
num_pixels_bg: 114137.000000
num_errors_fg: 25.000000
num_pixels_bg: 5953.000000
num_errors_all: 613.000000
num_pixels_all: 120090.000000
