0.017834 0.017834 0.003707 0.003707 0.016694 0.016694 1.000000 
num_errors_bg: 1700.000000
num_pixels_bg: 95326.000000
num_errors_fg: 31.000000
num_pixels_bg: 8362.000000
num_errors_all: 1731.000000
num_pixels_all: 103688.000000
