0.017943 0.017943 0.001521 0.001521 0.016664 0.016664 1.000000 
num_errors_bg: 1537.000000
num_pixels_bg: 85660.000000
num_errors_fg: 11.000000
num_pixels_bg: 7233.000000
num_errors_all: 1548.000000
num_pixels_all: 92893.000000
