0.008007 0.008007 0.002374 0.002374 0.005955 0.005955 1.000000 
num_errors_bg: 306.000000
num_pixels_bg: 38215.000000
num_errors_fg: 52.000000
num_pixels_bg: 21905.000000
num_errors_all: 358.000000
num_pixels_all: 60120.000000
