0.007948 0.007948 0.014240 0.014240 0.008992 0.008992 1.000000 
num_errors_bg: 314.000000
num_pixels_bg: 39509.000000
num_errors_fg: 112.000000
num_pixels_bg: 7865.000000
num_errors_all: 426.000000
num_pixels_all: 47374.000000
