0.008938 0.008938 0.006558 0.006558 0.008619 0.008619 1.000000 
num_errors_bg: 686.000000
num_pixels_bg: 76747.000000
num_errors_fg: 78.000000
num_pixels_bg: 11893.000000
num_errors_all: 764.000000
num_pixels_all: 88640.000000
