0.021417 0.021417 0.000946 0.000946 0.020001 0.020001 1.000000 
num_errors_bg: 1524.000000
num_pixels_bg: 71160.000000
num_errors_fg: 5.000000
num_pixels_bg: 5288.000000
num_errors_all: 1529.000000
num_pixels_all: 76448.000000
