0.011170 0.011170 0.014617 0.014617 0.012977 0.012977 1.000000 
num_errors_bg: 550.000000
num_pixels_bg: 49240.000000
num_errors_fg: 793.000000
num_pixels_bg: 54252.000000
num_errors_all: 1343.000000
num_pixels_all: 103492.000000
