0.004690 0.004690 0.020643 0.020643 0.007702 0.007702 1.000000 
num_errors_bg: 203.000000
num_pixels_bg: 43287.000000
num_errors_fg: 208.000000
num_pixels_bg: 10076.000000
num_errors_all: 411.000000
num_pixels_all: 53363.000000
