0.005649 0.005649 0.000000 0.000000 0.005502 0.005502 1.000000 
num_errors_bg: 294.000000
num_pixels_bg: 52047.000000
num_errors_fg: 0.000000
num_pixels_bg: 1391.000000
num_errors_all: 294.000000
num_pixels_all: 53438.000000
