0.004583 0.004583 0.010477 0.010477 0.005409 0.005409 1.000000 
num_errors_bg: 440.000000
num_pixels_bg: 96011.000000
num_errors_fg: 164.000000
num_pixels_bg: 15653.000000
num_errors_all: 604.000000
num_pixels_all: 111664.000000
