0.048525 0.048525 0.004419 0.004419 0.041561 0.041561 1.000000 
num_errors_bg: 3807.000000
num_pixels_bg: 78455.000000
num_errors_fg: 65.000000
num_pixels_bg: 14710.000000
num_errors_all: 3872.000000
num_pixels_all: 93165.000000
