0.035025 0.035025 0.005333 0.005333 0.023723 0.023723 1.000000 
num_errors_bg: 2415.000000
num_pixels_bg: 68951.000000
num_errors_fg: 226.000000
num_pixels_bg: 42375.000000
num_errors_all: 2641.000000
num_pixels_all: 111326.000000
