0.020824 0.020824 0.014456 0.014456 0.020589 0.020589 1.000000 
num_errors_bg: 1919.000000
num_pixels_bg: 92155.000000
num_errors_fg: 51.000000
num_pixels_bg: 3528.000000
num_errors_all: 1970.000000
num_pixels_all: 95683.000000
