0.007051 0.007051 0.033999 0.033999 0.021092 0.021092 1.000000 
num_errors_bg: 351.000000
num_pixels_bg: 49780.000000
num_errors_fg: 1841.000000
num_pixels_bg: 54148.000000
num_errors_all: 2192.000000
num_pixels_all: 103928.000000
