0.003294 0.003294 0.004999 0.004999 0.003679 0.003679 1.000000 
num_errors_bg: 158.000000
num_pixels_bg: 47970.000000
num_errors_fg: 70.000000
num_pixels_bg: 14004.000000
num_errors_all: 228.000000
num_pixels_all: 61974.000000
