0.015003 0.015003 0.002910 0.002910 0.014629 0.014629 1.000000 
num_errors_bg: 1453.000000
num_pixels_bg: 96848.000000
num_errors_fg: 9.000000
num_pixels_bg: 3093.000000
num_errors_all: 1462.000000
num_pixels_all: 99941.000000
