0.003718 0.003718 0.002680 0.002680 0.003595 0.003595 1.000000 
num_errors_bg: 300.000000
num_pixels_bg: 80692.000000
num_errors_fg: 29.000000
num_pixels_bg: 10820.000000
num_errors_all: 329.000000
num_pixels_all: 91512.000000
