0.025777 0.025777 0.004050 0.004050 0.023737 0.023737 1.000000 
num_errors_bg: 1536.000000
num_pixels_bg: 59589.000000
num_errors_fg: 25.000000
num_pixels_bg: 6173.000000
num_errors_all: 1561.000000
num_pixels_all: 65762.000000
