0.074961 0.074961 0.000201 0.000201 0.063803 0.063803 1.000000 
num_errors_bg: 4255.000000
num_pixels_bg: 56763.000000
num_errors_fg: 2.000000
num_pixels_bg: 9958.000000
num_errors_all: 4257.000000
num_pixels_all: 66721.000000
