0.004748 0.004748 0.024947 0.024947 0.016933 0.016933 1.000000 
num_errors_bg: 163.000000
num_pixels_bg: 34328.000000
num_errors_fg: 1302.000000
num_pixels_bg: 52190.000000
num_errors_all: 1465.000000
num_pixels_all: 86518.000000
