0.006722 0.006722 0.005304 0.005304 0.006319 0.006319 1.000000 
num_errors_bg: 265.000000
num_pixels_bg: 39424.000000
num_errors_fg: 83.000000
num_pixels_bg: 15649.000000
num_errors_all: 348.000000
num_pixels_all: 55073.000000
