0.034170 0.034170 0.012666 0.012666 0.025962 0.025962 1.000000 
num_errors_bg: 2653.000000
num_pixels_bg: 77642.000000
num_errors_fg: 607.000000
num_pixels_bg: 47924.000000
num_errors_all: 3260.000000
num_pixels_all: 125566.000000
