0.014577 0.014577 0.006938 0.006938 0.013879 0.013879 1.000000 
num_errors_bg: 1045.000000
num_pixels_bg: 71689.000000
num_errors_fg: 50.000000
num_pixels_bg: 7207.000000
num_errors_all: 1095.000000
num_pixels_all: 78896.000000
