0.011680 0.011680 0.000000 0.000000 0.010762 0.010762 1.000000 
num_errors_bg: 1000.000000
num_pixels_bg: 85619.000000
num_errors_fg: 0.000000
num_pixels_bg: 7302.000000
num_errors_all: 1000.000000
num_pixels_all: 92921.000000
