0.036156 0.036156 0.011285 0.011285 0.027670 0.027670 1.000000 
num_errors_bg: 2332.000000
num_pixels_bg: 64498.000000
num_errors_fg: 377.000000
num_pixels_bg: 33406.000000
num_errors_all: 2709.000000
num_pixels_all: 97904.000000
