0.005086 0.005086 0.004643 0.004643 0.005031 0.005031 1.000000 
num_errors_bg: 424.000000
num_pixels_bg: 83361.000000
num_errors_fg: 55.000000
num_pixels_bg: 11847.000000
num_errors_all: 479.000000
num_pixels_all: 95208.000000
