0.029042 0.029042 0.006685 0.006685 0.027027 0.027027 1.000000 
num_errors_bg: 2500.000000
num_pixels_bg: 86081.000000
num_errors_fg: 57.000000
num_pixels_bg: 8527.000000
num_errors_all: 2557.000000
num_pixels_all: 94608.000000
