0.044108 0.044108 0.015057 0.015057 0.042459 0.042459 1.000000 
num_errors_bg: 3650.000000
num_pixels_bg: 82751.000000
num_errors_fg: 75.000000
num_pixels_bg: 4981.000000
num_errors_all: 3725.000000
num_pixels_all: 87732.000000
