0.004335 0.004335 0.002024 0.002024 0.003707 0.003707 1.000000 
num_errors_bg: 241.000000
num_pixels_bg: 55588.000000
num_errors_fg: 42.000000
num_pixels_bg: 20754.000000
num_errors_all: 283.000000
num_pixels_all: 76342.000000
