0.007483 0.007483 0.000945 0.000945 0.004571 0.004571 1.000000 
num_errors_bg: 286.000000
num_pixels_bg: 38218.000000
num_errors_fg: 29.000000
num_pixels_bg: 30689.000000
num_errors_all: 315.000000
num_pixels_all: 68907.000000
