0.063767 0.063767 0.009824 0.009824 0.059412 0.059412 1.000000 
num_errors_bg: 3843.000000
num_pixels_bg: 60266.000000
num_errors_fg: 52.000000
num_pixels_bg: 5293.000000
num_errors_all: 3895.000000
num_pixels_all: 65559.000000
