0.008461 0.008461 0.008899 0.008899 0.008509 0.008509 1.000000 
num_errors_bg: 756.000000
num_pixels_bg: 89355.000000
num_errors_fg: 99.000000
num_pixels_bg: 11125.000000
num_errors_all: 855.000000
num_pixels_all: 100480.000000
