0.010707 0.010707 0.002749 0.002749 0.009580 0.009580 1.000000 
num_errors_bg: 991.000000
num_pixels_bg: 92557.000000
num_errors_fg: 42.000000
num_pixels_bg: 15277.000000
num_errors_all: 1033.000000
num_pixels_all: 107834.000000
