0.022728 0.022728 0.000667 0.000667 0.019790 0.019790 1.000000 
num_errors_bg: 1553.000000
num_pixels_bg: 68329.000000
num_errors_fg: 7.000000
num_pixels_bg: 10499.000000
num_errors_all: 1560.000000
num_pixels_all: 78828.000000
