0.014054 0.014054 0.014410 0.014410 0.014189 0.014189 1.000000 
num_errors_bg: 1060.000000
num_pixels_bg: 75421.000000
num_errors_fg: 658.000000
num_pixels_bg: 45662.000000
num_errors_all: 1718.000000
num_pixels_all: 121083.000000
