0.018888 0.018888 0.016547 0.016547 0.018692 0.018692 1.000000 
num_errors_bg: 1870.000000
num_pixels_bg: 99005.000000
num_errors_fg: 150.000000
num_pixels_bg: 9065.000000
num_errors_all: 2020.000000
num_pixels_all: 108070.000000
