0.007194 0.007194 0.007525 0.007525 0.007278 0.007278 1.000000 
num_errors_bg: 603.000000
num_pixels_bg: 83815.000000
num_errors_fg: 214.000000
num_pixels_bg: 28440.000000
num_errors_all: 817.000000
num_pixels_all: 112255.000000
