0.011198 0.011198 0.001900 0.001900 0.009328 0.009328 1.000000 
num_errors_bg: 796.000000
num_pixels_bg: 71084.000000
num_errors_fg: 34.000000
num_pixels_bg: 17891.000000
num_errors_all: 830.000000
num_pixels_all: 88975.000000
