0.035745 0.035745 0.007640 0.007640 0.033189 0.033189 1.000000 
num_errors_bg: 2291.000000
num_pixels_bg: 64092.000000
num_errors_fg: 49.000000
num_pixels_bg: 6414.000000
num_errors_all: 2340.000000
num_pixels_all: 70506.000000
