0.006640 0.006640 0.003568 0.003568 0.005928 0.005928 1.000000 
num_errors_bg: 549.000000
num_pixels_bg: 82675.000000
num_errors_fg: 89.000000
num_pixels_bg: 24944.000000
num_errors_all: 638.000000
num_pixels_all: 107619.000000
