0.006725 0.006725 0.000907 0.000907 0.005212 0.005212 1.000000 
num_errors_bg: 274.000000
num_pixels_bg: 40741.000000
num_errors_fg: 13.000000
num_pixels_bg: 14327.000000
num_errors_all: 287.000000
num_pixels_all: 55068.000000
