0.064935 0.064935 0.002009 0.002009 0.061912 0.061912 1.000000 
num_errors_bg: 5123.000000
num_pixels_bg: 78894.000000
num_errors_fg: 8.000000
num_pixels_bg: 3982.000000
num_errors_all: 5131.000000
num_pixels_all: 82876.000000
