0.066009 0.066009 0.009499 0.009499 0.060750 0.060750 1.000000 
num_errors_bg: 3995.000000
num_pixels_bg: 60522.000000
num_errors_fg: 59.000000
num_pixels_bg: 6211.000000
num_errors_all: 4054.000000
num_pixels_all: 66733.000000
