0.004391 0.004391 0.021303 0.021303 0.006725 0.006725 1.000000 
num_errors_bg: 197.000000
num_pixels_bg: 44862.000000
num_errors_fg: 153.000000
num_pixels_bg: 7182.000000
num_errors_all: 350.000000
num_pixels_all: 52044.000000
