0.001096 0.001096 0.014904 0.014904 0.002496 0.002496 1.000000 
num_errors_bg: 116.000000
num_pixels_bg: 105853.000000
num_errors_fg: 178.000000
num_pixels_bg: 11943.000000
num_errors_all: 294.000000
num_pixels_all: 117796.000000
