0.006746 0.006746 0.007391 0.007391 0.006802 0.006802 1.000000 
num_errors_bg: 487.000000
num_pixels_bg: 72189.000000
num_errors_fg: 51.000000
num_pixels_bg: 6900.000000
num_errors_all: 538.000000
num_pixels_all: 79089.000000
