0.028460 0.028460 0.004109 0.004109 0.025921 0.025921 1.000000 
num_errors_bg: 2677.000000
num_pixels_bg: 94061.000000
num_errors_fg: 45.000000
num_pixels_bg: 10952.000000
num_errors_all: 2722.000000
num_pixels_all: 105013.000000
