0.018400 0.018400 0.011454 0.011454 0.017062 0.017062 1.000000 
num_errors_bg: 1380.000000
num_pixels_bg: 74998.000000
num_errors_fg: 205.000000
num_pixels_bg: 17898.000000
num_errors_all: 1585.000000
num_pixels_all: 92896.000000
