0.009068 0.009068 0.010534 0.010534 0.009974 0.009974 1.000000 
num_errors_bg: 285.000000
num_pixels_bg: 31428.000000
num_errors_fg: 536.000000
num_pixels_bg: 50885.000000
num_errors_all: 821.000000
num_pixels_all: 82313.000000
