0.021442 0.021442 0.000827 0.000827 0.018338 0.018338 1.000000 
num_errors_bg: 2048.000000
num_pixels_bg: 95513.000000
num_errors_fg: 14.000000
num_pixels_bg: 16930.000000
num_errors_all: 2062.000000
num_pixels_all: 112443.000000
