0.003295 0.003295 0.000000 0.000000 0.003070 0.003070 1.000000 
num_errors_bg: 261.000000
num_pixels_bg: 79200.000000
num_errors_fg: 0.000000
num_pixels_bg: 5808.000000
num_errors_all: 261.000000
num_pixels_all: 85008.000000
