0.027223 0.027223 0.003039 0.003039 0.024696 0.024696 1.000000 
num_errors_bg: 1689.000000
num_pixels_bg: 62042.000000
num_errors_fg: 22.000000
num_pixels_bg: 7240.000000
num_errors_all: 1711.000000
num_pixels_all: 69282.000000
