0.016322 0.016322 0.008439 0.008439 0.015964 0.015964 1.000000 
num_errors_bg: 1626.000000
num_pixels_bg: 99620.000000
num_errors_fg: 40.000000
num_pixels_bg: 4740.000000
num_errors_all: 1666.000000
num_pixels_all: 104360.000000
