0.017593 0.017593 0.000110 0.000110 0.015478 0.015478 1.000000 
num_errors_bg: 1159.000000
num_pixels_bg: 65879.000000
num_errors_fg: 1.000000
num_pixels_bg: 9064.000000
num_errors_all: 1160.000000
num_pixels_all: 74943.000000
