0.008006 0.008006 0.001305 0.001305 0.007287 0.007287 1.000000 
num_errors_bg: 766.000000
num_pixels_bg: 95680.000000
num_errors_fg: 15.000000
num_pixels_bg: 11495.000000
num_errors_all: 781.000000
num_pixels_all: 107175.000000
