0.008665 0.008665 0.014330 0.014330 0.009280 0.009280 1.000000 
num_errors_bg: 571.000000
num_pixels_bg: 65896.000000
num_errors_fg: 115.000000
num_pixels_bg: 8025.000000
num_errors_all: 686.000000
num_pixels_all: 73921.000000
