0.003046 0.003046 0.003138 0.003138 0.003051 0.003051 1.000000 
num_errors_bg: 255.000000
num_pixels_bg: 83725.000000
num_errors_fg: 15.000000
num_pixels_bg: 4780.000000
num_errors_all: 270.000000
num_pixels_all: 88505.000000
