0.008444 0.008444 0.002220 0.002220 0.007516 0.007516 1.000000 
num_errors_bg: 651.000000
num_pixels_bg: 77094.000000
num_errors_fg: 30.000000
num_pixels_bg: 13514.000000
num_errors_all: 681.000000
num_pixels_all: 90608.000000
