0.002547 0.002547 0.015787 0.015787 0.003234 0.003234 1.000000 
num_errors_bg: 292.000000
num_pixels_bg: 114625.000000
num_errors_fg: 99.000000
num_pixels_bg: 6271.000000
num_errors_all: 391.000000
num_pixels_all: 120896.000000
