0.007703 0.007703 0.003359 0.003359 0.005491 0.005491 1.000000 
num_errors_bg: 274.000000
num_pixels_bg: 35570.000000
num_errors_fg: 124.000000
num_pixels_bg: 36914.000000
num_errors_all: 398.000000
num_pixels_all: 72484.000000
