0.013707 0.013707 0.005556 0.005556 0.012476 0.012476 1.000000 
num_errors_bg: 1096.000000
num_pixels_bg: 79960.000000
num_errors_fg: 79.000000
num_pixels_bg: 14220.000000
num_errors_all: 1175.000000
num_pixels_all: 94180.000000
