0.015192 0.015192 0.041405 0.041405 0.019760 0.019760 1.000000 
num_errors_bg: 699.000000
num_pixels_bg: 46010.000000
num_errors_fg: 402.000000
num_pixels_bg: 9709.000000
num_errors_all: 1101.000000
num_pixels_all: 55719.000000
