0.007211 0.007211 0.292929 0.292929 0.114237 0.114237 1.000000 
num_errors_bg: 498.000000
num_pixels_bg: 69063.000000
num_errors_fg: 12117.000000
num_pixels_bg: 41365.000000
num_errors_all: 12615.000000
num_pixels_all: 110428.000000
