0.006483 0.006483 0.003091 0.003091 0.006299 0.006299 1.000000 
num_errors_bg: 620.000000
num_pixels_bg: 95629.000000
num_errors_fg: 17.000000
num_pixels_bg: 5500.000000
num_errors_all: 637.000000
num_pixels_all: 101129.000000
