0.025069 0.025069 0.020606 0.020606 0.024681 0.024681 1.000000 
num_errors_bg: 1881.000000
num_pixels_bg: 75034.000000
num_errors_fg: 147.000000
num_pixels_bg: 7134.000000
num_errors_all: 2028.000000
num_pixels_all: 82168.000000
