0.006878 0.006878 0.001465 0.001465 0.004378 0.004378 1.000000 
num_errors_bg: 257.000000
num_pixels_bg: 37367.000000
num_errors_fg: 47.000000
num_pixels_bg: 32071.000000
num_errors_all: 304.000000
num_pixels_all: 69438.000000
