0.007217 0.007217 0.001260 0.001260 0.004707 0.004707 1.000000 
num_errors_bg: 480.000000
num_pixels_bg: 66508.000000
num_errors_fg: 61.000000
num_pixels_bg: 48418.000000
num_errors_all: 541.000000
num_pixels_all: 114926.000000
