0.004962 0.004962 0.005121 0.005121 0.004987 0.004987 1.000000 
num_errors_bg: 394.000000
num_pixels_bg: 79404.000000
num_errors_fg: 77.000000
num_pixels_bg: 15035.000000
num_errors_all: 471.000000
num_pixels_all: 94439.000000
