0.005264 0.005264 0.002504 0.002504 0.004674 0.004674 1.000000 
num_errors_bg: 340.000000
num_pixels_bg: 64587.000000
num_errors_fg: 44.000000
num_pixels_bg: 17573.000000
num_errors_all: 384.000000
num_pixels_all: 82160.000000
