0.008020 0.008020 0.002753 0.002753 0.006270 0.006270 1.000000 
num_errors_bg: 632.000000
num_pixels_bg: 78802.000000
num_errors_fg: 108.000000
num_pixels_bg: 39227.000000
num_errors_all: 740.000000
num_pixels_all: 118029.000000
