0.011318 0.011318 0.009348 0.009348 0.011096 0.011096 1.000000 
num_errors_bg: 1023.000000
num_pixels_bg: 90390.000000
num_errors_fg: 107.000000
num_pixels_bg: 11446.000000
num_errors_all: 1130.000000
num_pixels_all: 101836.000000
