0.019258 0.019258 0.006792 0.006792 0.017896 0.017896 1.000000 
num_errors_bg: 1664.000000
num_pixels_bg: 86407.000000
num_errors_fg: 72.000000
num_pixels_bg: 10600.000000
num_errors_all: 1736.000000
num_pixels_all: 97007.000000
