0.004421 0.004421 0.002180 0.002180 0.004156 0.004156 1.000000 
num_errors_bg: 363.000000
num_pixels_bg: 82099.000000
num_errors_fg: 24.000000
num_pixels_bg: 11011.000000
num_errors_all: 387.000000
num_pixels_all: 93110.000000
