0.005462 0.005462 0.009212 0.009212 0.006091 0.006091 1.000000 
num_errors_bg: 353.000000
num_pixels_bg: 64631.000000
num_errors_fg: 120.000000
num_pixels_bg: 13027.000000
num_errors_all: 473.000000
num_pixels_all: 77658.000000
