0.035737 0.035737 0.009646 0.009646 0.034370 0.034370 1.000000 
num_errors_bg: 3083.000000
num_pixels_bg: 86270.000000
num_errors_fg: 46.000000
num_pixels_bg: 4769.000000
num_errors_all: 3129.000000
num_pixels_all: 91039.000000
