0.009964 0.009964 0.009609 0.009609 0.009940 0.009940 1.000000 
num_errors_bg: 1017.000000
num_pixels_bg: 102069.000000
num_errors_fg: 70.000000
num_pixels_bg: 7285.000000
num_errors_all: 1087.000000
num_pixels_all: 109354.000000
