0.006641 0.006641 0.019780 0.019780 0.011341 0.011341 1.000000 
num_errors_bg: 270.000000
num_pixels_bg: 40659.000000
num_errors_fg: 448.000000
num_pixels_bg: 22649.000000
num_errors_all: 718.000000
num_pixels_all: 63308.000000
