0.004354 0.004354 0.014718 0.014718 0.006636 0.006636 1.000000 
num_errors_bg: 308.000000
num_pixels_bg: 70735.000000
num_errors_fg: 294.000000
num_pixels_bg: 19976.000000
num_errors_all: 602.000000
num_pixels_all: 90711.000000
