0.018712 0.018712 0.006546 0.006546 0.012752 0.012752 1.000000 
num_errors_bg: 521.000000
num_pixels_bg: 27843.000000
num_errors_fg: 175.000000
num_pixels_bg: 26735.000000
num_errors_all: 696.000000
num_pixels_all: 54578.000000
