0.028329 0.028329 0.005103 0.005103 0.018039 0.018039 1.000000 
num_errors_bg: 1605.000000
num_pixels_bg: 56656.000000
num_errors_fg: 230.000000
num_pixels_bg: 45068.000000
num_errors_all: 1835.000000
num_pixels_all: 101724.000000
