0.055939 0.055939 0.021927 0.021927 0.053668 0.053668 1.000000 
num_errors_bg: 6774.000000
num_pixels_bg: 121096.000000
num_errors_fg: 190.000000
num_pixels_bg: 8665.000000
num_errors_all: 6964.000000
num_pixels_all: 129761.000000
