0.010564 0.010564 0.003942 0.003942 0.009298 0.009298 1.000000 
num_errors_bg: 1066.000000
num_pixels_bg: 100905.000000
num_errors_fg: 94.000000
num_pixels_bg: 23848.000000
num_errors_all: 1160.000000
num_pixels_all: 124753.000000
