0.007833 0.007833 0.000861 0.000861 0.006451 0.006451 1.000000 
num_errors_bg: 773.000000
num_pixels_bg: 98690.000000
num_errors_fg: 21.000000
num_pixels_bg: 24398.000000
num_errors_all: 794.000000
num_pixels_all: 123088.000000
