0.004873 0.004873 0.004589 0.004589 0.004842 0.004842 1.000000 
num_errors_bg: 461.000000
num_pixels_bg: 94599.000000
num_errors_fg: 54.000000
num_pixels_bg: 11767.000000
num_errors_all: 515.000000
num_pixels_all: 106366.000000
