0.011492 0.011492 0.009793 0.009793 0.011307 0.011307 1.000000 
num_errors_bg: 1046.000000
num_pixels_bg: 91022.000000
num_errors_fg: 109.000000
num_pixels_bg: 11130.000000
num_errors_all: 1155.000000
num_pixels_all: 102152.000000
