0.019166 0.019166 0.002086 0.002086 0.018259 0.018259 1.000000 
num_errors_bg: 1475.000000
num_pixels_bg: 76960.000000
num_errors_fg: 9.000000
num_pixels_bg: 4314.000000
num_errors_all: 1484.000000
num_pixels_all: 81274.000000
