0.015739 0.015739 0.003354 0.003354 0.014052 0.014052 1.000000 
num_errors_bg: 1399.000000
num_pixels_bg: 88887.000000
num_errors_fg: 47.000000
num_pixels_bg: 14014.000000
num_errors_all: 1446.000000
num_pixels_all: 102901.000000
