0.006745 0.006745 0.002269 0.002269 0.006036 0.006036 1.000000 
num_errors_bg: 569.000000
num_pixels_bg: 84361.000000
num_errors_fg: 36.000000
num_pixels_bg: 15865.000000
num_errors_all: 605.000000
num_pixels_all: 100226.000000
