0.018534 0.018534 0.041464 0.041464 0.021343 0.021343 1.000000 
num_errors_bg: 954.000000
num_pixels_bg: 51473.000000
num_errors_fg: 298.000000
num_pixels_bg: 7187.000000
num_errors_all: 1252.000000
num_pixels_all: 58660.000000
