0.021793 0.021793 0.002315 0.002315 0.018864 0.018864 1.000000 
num_errors_bg: 1383.000000
num_pixels_bg: 63462.000000
num_errors_fg: 26.000000
num_pixels_bg: 11230.000000
num_errors_all: 1409.000000
num_pixels_all: 74692.000000
