0.011617 0.011617 0.010973 0.010973 0.011544 0.011544 1.000000 
num_errors_bg: 1060.000000
num_pixels_bg: 91244.000000
num_errors_fg: 129.000000
num_pixels_bg: 11756.000000
num_errors_all: 1189.000000
num_pixels_all: 103000.000000
