0.014888 0.014888 0.000903 0.000903 0.013532 0.013532 1.000000 
num_errors_bg: 1075.000000
num_pixels_bg: 72205.000000
num_errors_fg: 7.000000
num_pixels_bg: 7751.000000
num_errors_all: 1082.000000
num_pixels_all: 79956.000000
