0.009205 0.009205 0.012979 0.012979 0.009638 0.009638 1.000000 
num_errors_bg: 830.000000
num_pixels_bg: 90173.000000
num_errors_fg: 152.000000
num_pixels_bg: 11711.000000
num_errors_all: 982.000000
num_pixels_all: 101884.000000
