0.010169 0.010169 0.002095 0.002095 0.009169 0.009169 1.000000 
num_errors_bg: 996.000000
num_pixels_bg: 97943.000000
num_errors_fg: 29.000000
num_pixels_bg: 13844.000000
num_errors_all: 1025.000000
num_pixels_all: 111787.000000
