0.014467 0.014467 0.017585 0.017585 0.015475 0.015475 1.000000 
num_errors_bg: 1040.000000
num_pixels_bg: 71890.000000
num_errors_fg: 604.000000
num_pixels_bg: 34347.000000
num_errors_all: 1644.000000
num_pixels_all: 106237.000000
