0.018456 0.018456 0.004769 0.004769 0.014834 0.014834 1.000000 
num_errors_bg: 1731.000000
num_pixels_bg: 93791.000000
num_errors_fg: 161.000000
num_pixels_bg: 33758.000000
num_errors_all: 1892.000000
num_pixels_all: 127549.000000
