0.020664 0.020664 0.002336 0.002336 0.019347 0.019347 1.000000 
num_errors_bg: 1829.000000
num_pixels_bg: 88513.000000
num_errors_fg: 16.000000
num_pixels_bg: 6850.000000
num_errors_all: 1845.000000
num_pixels_all: 95363.000000
