0.007189 0.007189 0.009067 0.009067 0.007264 0.007264 1.000000 
num_errors_bg: 728.000000
num_pixels_bg: 101262.000000
num_errors_fg: 38.000000
num_pixels_bg: 4191.000000
num_errors_all: 766.000000
num_pixels_all: 105453.000000
