0.018283 0.018283 0.003832 0.003832 0.016212 0.016212 1.000000 
num_errors_bg: 1654.000000
num_pixels_bg: 90465.000000
num_errors_fg: 58.000000
num_pixels_bg: 15134.000000
num_errors_all: 1712.000000
num_pixels_all: 105599.000000
