0.006395 0.006395 0.000768 0.000768 0.005196 0.005196 1.000000 
num_errors_bg: 584.000000
num_pixels_bg: 91319.000000
num_errors_fg: 19.000000
num_pixels_bg: 24738.000000
num_errors_all: 603.000000
num_pixels_all: 116057.000000
