0.005213 0.005213 0.004568 0.004568 0.005161 0.005161 1.000000 
num_errors_bg: 535.000000
num_pixels_bg: 102625.000000
num_errors_fg: 41.000000
num_pixels_bg: 8975.000000
num_errors_all: 576.000000
num_pixels_all: 111600.000000
