0.013806 0.013806 0.009680 0.009680 0.013423 0.013423 1.000000 
num_errors_bg: 1199.000000
num_pixels_bg: 86848.000000
num_errors_fg: 86.000000
num_pixels_bg: 8884.000000
num_errors_all: 1285.000000
num_pixels_all: 95732.000000
