0.002492 0.002492 0.014768 0.014768 0.003362 0.003362 1.000000 
num_errors_bg: 248.000000
num_pixels_bg: 99510.000000
num_errors_fg: 112.000000
num_pixels_bg: 7584.000000
num_errors_all: 360.000000
num_pixels_all: 107094.000000
