0.009597 0.009597 0.004347 0.004347 0.009023 0.009023 1.000000 
num_errors_bg: 845.000000
num_pixels_bg: 88047.000000
num_errors_fg: 47.000000
num_pixels_bg: 10811.000000
num_errors_all: 892.000000
num_pixels_all: 98858.000000
