0.019555 0.019555 0.003842 0.003842 0.018762 0.018762 1.000000 
num_errors_bg: 1914.000000
num_pixels_bg: 97877.000000
num_errors_fg: 20.000000
num_pixels_bg: 5205.000000
num_errors_all: 1934.000000
num_pixels_all: 103082.000000
