0.005800 0.005800 0.006765 0.006765 0.006017 0.006017 1.000000 
num_errors_bg: 515.000000
num_pixels_bg: 88794.000000
num_errors_fg: 174.000000
num_pixels_bg: 25720.000000
num_errors_all: 689.000000
num_pixels_all: 114514.000000
