0.008670 0.008670 0.004797 0.004797 0.008347 0.008347 1.000000 
num_errors_bg: 675.000000
num_pixels_bg: 77857.000000
num_errors_fg: 34.000000
num_pixels_bg: 7088.000000
num_errors_all: 709.000000
num_pixels_all: 84945.000000
