0.003374 0.003374 0.000606 0.000606 0.003175 0.003175 1.000000 
num_errors_bg: 359.000000
num_pixels_bg: 106406.000000
num_errors_fg: 5.000000
num_pixels_bg: 8253.000000
num_errors_all: 364.000000
num_pixels_all: 114659.000000
