0.009887 0.009887 0.000124 0.000124 0.007828 0.007828 1.000000 
num_errors_bg: 897.000000
num_pixels_bg: 90725.000000
num_errors_fg: 3.000000
num_pixels_bg: 24241.000000
num_errors_all: 900.000000
num_pixels_all: 114966.000000
