0.013129 0.013129 0.014106 0.014106 0.013388 0.013388 1.000000 
num_errors_bg: 487.000000
num_pixels_bg: 37094.000000
num_errors_fg: 189.000000
num_pixels_bg: 13399.000000
num_errors_all: 676.000000
num_pixels_all: 50493.000000
