0.030404 0.030404 0.004671 0.004671 0.027946 0.027946 1.000000 
num_errors_bg: 2773.000000
num_pixels_bg: 91204.000000
num_errors_fg: 45.000000
num_pixels_bg: 9633.000000
num_errors_all: 2818.000000
num_pixels_all: 100837.000000
