0.012605 0.012605 0.017946 0.017946 0.013384 0.013384 1.000000 
num_errors_bg: 609.000000
num_pixels_bg: 48315.000000
num_errors_fg: 148.000000
num_pixels_bg: 8247.000000
num_errors_all: 757.000000
num_pixels_all: 56562.000000
