0.004830 0.004830 0.001216 0.001216 0.004177 0.004177 1.000000 
num_errors_bg: 342.000000
num_pixels_bg: 70802.000000
num_errors_fg: 19.000000
num_pixels_bg: 15627.000000
num_errors_all: 361.000000
num_pixels_all: 86429.000000
