0.021450 0.021450 0.031325 0.031325 0.022583 0.022583 1.000000 
num_errors_bg: 898.000000
num_pixels_bg: 41865.000000
num_errors_fg: 170.000000
num_pixels_bg: 5427.000000
num_errors_all: 1068.000000
num_pixels_all: 47292.000000
