0.014221 0.014221 0.018202 0.018202 0.014991 0.014991 1.000000 
num_errors_bg: 1366.000000
num_pixels_bg: 96055.000000
num_errors_fg: 419.000000
num_pixels_bg: 23020.000000
num_errors_all: 1785.000000
num_pixels_all: 119075.000000
