0.012418 0.012418 0.000844 0.000844 0.009763 0.009763 1.000000 
num_errors_bg: 1137.000000
num_pixels_bg: 91560.000000
num_errors_fg: 23.000000
num_pixels_bg: 27255.000000
num_errors_all: 1160.000000
num_pixels_all: 118815.000000
