0.010965 0.010965 0.001613 0.001613 0.008255 0.008255 1.000000 
num_errors_bg: 800.000000
num_pixels_bg: 72959.000000
num_errors_fg: 48.000000
num_pixels_bg: 29762.000000
num_errors_all: 848.000000
num_pixels_all: 102721.000000
