0.015919 0.015919 0.006972 0.006972 0.015216 0.015216 1.000000 
num_errors_bg: 1098.000000
num_pixels_bg: 68973.000000
num_errors_fg: 41.000000
num_pixels_bg: 5881.000000
num_errors_all: 1139.000000
num_pixels_all: 74854.000000
