0.012536 0.012536 0.003065 0.003065 0.011746 0.011746 1.000000 
num_errors_bg: 1213.000000
num_pixels_bg: 96758.000000
num_errors_fg: 27.000000
num_pixels_bg: 8810.000000
num_errors_all: 1240.000000
num_pixels_all: 105568.000000
