0.014679 0.014679 0.010860 0.010860 0.014060 0.014060 1.000000 
num_errors_bg: 1484.000000
num_pixels_bg: 101100.000000
num_errors_fg: 212.000000
num_pixels_bg: 19522.000000
num_errors_all: 1696.000000
num_pixels_all: 120622.000000
