0.014487 0.014487 0.016476 0.016476 0.014830 0.014830 1.000000 
num_errors_bg: 959.000000
num_pixels_bg: 66196.000000
num_errors_fg: 227.000000
num_pixels_bg: 13778.000000
num_errors_all: 1186.000000
num_pixels_all: 79974.000000
