0.007752 0.007752 0.002808 0.002808 0.007454 0.007454 1.000000 
num_errors_bg: 688.000000
num_pixels_bg: 88748.000000
num_errors_fg: 16.000000
num_pixels_bg: 5698.000000
num_errors_all: 704.000000
num_pixels_all: 94446.000000
