0.002112 0.002112 0.002595 0.002595 0.002126 0.002126 1.000000 
num_errors_bg: 217.000000
num_pixels_bg: 102733.000000
num_errors_fg: 8.000000
num_pixels_bg: 3083.000000
num_errors_all: 225.000000
num_pixels_all: 105816.000000
