0.003291 0.003291 0.005297 0.005297 0.003365 0.003365 1.000000 
num_errors_bg: 373.000000
num_pixels_bg: 113355.000000
num_errors_fg: 23.000000
num_pixels_bg: 4342.000000
num_errors_all: 396.000000
num_pixels_all: 117697.000000
