0.025424 0.025424 0.004781 0.004781 0.023382 0.023382 1.000000 
num_errors_bg: 2325.000000
num_pixels_bg: 91450.000000
num_errors_fg: 48.000000
num_pixels_bg: 10039.000000
num_errors_all: 2373.000000
num_pixels_all: 101489.000000
