0.009094 0.009094 0.002391 0.002391 0.008505 0.008505 1.000000 
num_errors_bg: 869.000000
num_pixels_bg: 95557.000000
num_errors_fg: 22.000000
num_pixels_bg: 9200.000000
num_errors_all: 891.000000
num_pixels_all: 104757.000000
