0.026514 0.026514 0.006008 0.006008 0.023771 0.023771 1.000000 
num_errors_bg: 1686.000000
num_pixels_bg: 63589.000000
num_errors_fg: 59.000000
num_pixels_bg: 9820.000000
num_errors_all: 1745.000000
num_pixels_all: 73409.000000
