0.006631 0.006631 0.001540 0.001540 0.006397 0.006397 1.000000 
num_errors_bg: 627.000000
num_pixels_bg: 94561.000000
num_errors_fg: 7.000000
num_pixels_bg: 4544.000000
num_errors_all: 634.000000
num_pixels_all: 99105.000000
