0.005786 0.005786 0.013549 0.013549 0.006798 0.006798 1.000000 
num_errors_bg: 615.000000
num_pixels_bg: 106296.000000
num_errors_fg: 216.000000
num_pixels_bg: 15942.000000
num_errors_all: 831.000000
num_pixels_all: 122238.000000
