0.020647 0.020647 0.004501 0.004501 0.019215 0.019215 1.000000 
num_errors_bg: 1650.000000
num_pixels_bg: 79915.000000
num_errors_fg: 35.000000
num_pixels_bg: 7776.000000
num_errors_all: 1685.000000
num_pixels_all: 87691.000000
