0.006983 0.006983 0.004810 0.004810 0.006897 0.006897 1.000000 
num_errors_bg: 666.000000
num_pixels_bg: 95370.000000
num_errors_fg: 19.000000
num_pixels_bg: 3950.000000
num_errors_all: 685.000000
num_pixels_all: 99320.000000
