0.026482 0.026482 0.031626 0.031626 0.026787 0.026787 1.000000 
num_errors_bg: 1996.000000
num_pixels_bg: 75371.000000
num_errors_fg: 150.000000
num_pixels_bg: 4743.000000
num_errors_all: 2146.000000
num_pixels_all: 80114.000000
