0.009226 0.009226 0.012693 0.012693 0.009736 0.009736 1.000000 
num_errors_bg: 768.000000
num_pixels_bg: 83242.000000
num_errors_fg: 182.000000
num_pixels_bg: 14339.000000
num_errors_all: 950.000000
num_pixels_all: 97581.000000
