0.013820 0.013820 0.004506 0.004506 0.013123 0.013123 1.000000 
num_errors_bg: 947.000000
num_pixels_bg: 68522.000000
num_errors_fg: 25.000000
num_pixels_bg: 5548.000000
num_errors_all: 972.000000
num_pixels_all: 74070.000000
