0.003359 0.003359 0.011355 0.011355 0.003785 0.003785 1.000000 
num_errors_bg: 331.000000
num_pixels_bg: 98535.000000
num_errors_fg: 63.000000
num_pixels_bg: 5548.000000
num_errors_all: 394.000000
num_pixels_all: 104083.000000
