0.026549 0.026549 0.006215 0.006215 0.025260 0.025260 1.000000 
num_errors_bg: 1956.000000
num_pixels_bg: 73674.000000
num_errors_fg: 31.000000
num_pixels_bg: 4988.000000
num_errors_all: 1987.000000
num_pixels_all: 78662.000000
