0.038983 0.038983 0.002881 0.002881 0.029094 0.029094 1.000000 
num_errors_bg: 1686.000000
num_pixels_bg: 43250.000000
num_errors_fg: 47.000000
num_pixels_bg: 16316.000000
num_errors_all: 1733.000000
num_pixels_all: 59566.000000
