0.013356 0.013356 0.002258 0.002258 0.012250 0.012250 1.000000 
num_errors_bg: 1229.000000
num_pixels_bg: 92017.000000
num_errors_fg: 23.000000
num_pixels_bg: 10188.000000
num_errors_all: 1252.000000
num_pixels_all: 102205.000000
