0.043394 0.043394 0.012573 0.012573 0.042282 0.042282 1.000000 
num_errors_bg: 3778.000000
num_pixels_bg: 87062.000000
num_errors_fg: 41.000000
num_pixels_bg: 3261.000000
num_errors_all: 3819.000000
num_pixels_all: 90323.000000
