0.005605 0.005605 0.003725 0.003725 0.005437 0.005437 1.000000 
num_errors_bg: 567.000000
num_pixels_bg: 101167.000000
num_errors_fg: 37.000000
num_pixels_bg: 9933.000000
num_errors_all: 604.000000
num_pixels_all: 111100.000000
