0.006167 0.006167 0.008008 0.008008 0.006524 0.006524 1.000000 
num_errors_bg: 563.000000
num_pixels_bg: 91288.000000
num_errors_fg: 176.000000
num_pixels_bg: 21979.000000
num_errors_all: 739.000000
num_pixels_all: 113267.000000
