0.013219 0.013219 0.000702 0.000702 0.012581 0.012581 1.000000 
num_errors_bg: 1051.000000
num_pixels_bg: 79506.000000
num_errors_fg: 3.000000
num_pixels_bg: 4272.000000
num_errors_all: 1054.000000
num_pixels_all: 83778.000000
