0.031370 0.031370 0.012333 0.012333 0.025415 0.025415 1.000000 
num_errors_bg: 2280.000000
num_pixels_bg: 72681.000000
num_errors_fg: 408.000000
num_pixels_bg: 33082.000000
num_errors_all: 2688.000000
num_pixels_all: 105763.000000
