0.013316 0.013316 0.019617 0.019617 0.016670 0.016670 1.000000 
num_errors_bg: 510.000000
num_pixels_bg: 38300.000000
num_errors_fg: 855.000000
num_pixels_bg: 43585.000000
num_errors_all: 1365.000000
num_pixels_all: 81885.000000
