0.015401 0.015401 0.000000 0.000000 0.015108 0.015108 1.000000 
num_errors_bg: 1240.000000
num_pixels_bg: 80514.000000
num_errors_fg: 0.000000
num_pixels_bg: 1562.000000
num_errors_all: 1240.000000
num_pixels_all: 82076.000000
