0.012916 0.012916 0.015909 0.015909 0.013203 0.013203 1.000000 
num_errors_bg: 1066.000000
num_pixels_bg: 82533.000000
num_errors_fg: 139.000000
num_pixels_bg: 8737.000000
num_errors_all: 1205.000000
num_pixels_all: 91270.000000
