0.004129 0.004129 0.001700 0.001700 0.004064 0.004064 1.000000 
num_errors_bg: 446.000000
num_pixels_bg: 108020.000000
num_errors_fg: 5.000000
num_pixels_bg: 2942.000000
num_errors_all: 451.000000
num_pixels_all: 110962.000000
