0.003766 0.003766 0.010333 0.010333 0.004654 0.004654 1.000000 
num_errors_bg: 289.000000
num_pixels_bg: 76736.000000
num_errors_fg: 124.000000
num_pixels_bg: 12000.000000
num_errors_all: 413.000000
num_pixels_all: 88736.000000
