0.006928 0.006928 0.000000 0.000000 0.006710 0.006710 1.000000 
num_errors_bg: 655.000000
num_pixels_bg: 94538.000000
num_errors_fg: 0.000000
num_pixels_bg: 3083.000000
num_errors_all: 655.000000
num_pixels_all: 97621.000000
