0.022119 0.022119 0.009186 0.009186 0.018656 0.018656 1.000000 
num_errors_bg: 2107.000000
num_pixels_bg: 95257.000000
num_errors_fg: 320.000000
num_pixels_bg: 34836.000000
num_errors_all: 2427.000000
num_pixels_all: 130093.000000
