0.029934 0.029934 0.013145 0.013145 0.024784 0.024784 1.000000 
num_errors_bg: 2558.000000
num_pixels_bg: 85456.000000
num_errors_fg: 497.000000
num_pixels_bg: 37810.000000
num_errors_all: 3055.000000
num_pixels_all: 123266.000000
