0.017390 0.017390 0.005201 0.005201 0.016383 0.016383 1.000000 
num_errors_bg: 1820.000000
num_pixels_bg: 104660.000000
num_errors_fg: 49.000000
num_pixels_bg: 9421.000000
num_errors_all: 1869.000000
num_pixels_all: 114081.000000
