0.021256 0.021256 0.004901 0.004901 0.019999 0.019999 1.000000 
num_errors_bg: 2134.000000
num_pixels_bg: 100393.000000
num_errors_fg: 41.000000
num_pixels_bg: 8365.000000
num_errors_all: 2175.000000
num_pixels_all: 108758.000000
