0.024777 0.024777 0.058955 0.058955 0.039142 0.039142 1.000000 
num_errors_bg: 1673.000000
num_pixels_bg: 67521.000000
num_errors_fg: 2886.000000
num_pixels_bg: 48953.000000
num_errors_all: 4559.000000
num_pixels_all: 116474.000000
