0.013332 0.013332 0.003865 0.003865 0.012472 0.012472 1.000000 
num_errors_bg: 1208.000000
num_pixels_bg: 90609.000000
num_errors_fg: 35.000000
num_pixels_bg: 9056.000000
num_errors_all: 1243.000000
num_pixels_all: 99665.000000
