0.017867 0.017867 0.015048 0.015048 0.017744 0.017744 1.000000 
num_errors_bg: 1143.000000
num_pixels_bg: 63973.000000
num_errors_fg: 44.000000
num_pixels_bg: 2924.000000
num_errors_all: 1187.000000
num_pixels_all: 66897.000000
