0.025050 0.025050 0.001201 0.001201 0.024087 0.024087 1.000000 
num_errors_bg: 1982.000000
num_pixels_bg: 79121.000000
num_errors_fg: 4.000000
num_pixels_bg: 3330.000000
num_errors_all: 1986.000000
num_pixels_all: 82451.000000
