0.018711 0.018711 0.000000 0.000000 0.016995 0.016995 1.000000 
num_errors_bg: 1547.000000
num_pixels_bg: 82679.000000
num_errors_fg: 0.000000
num_pixels_bg: 8349.000000
num_errors_all: 1547.000000
num_pixels_all: 91028.000000
