0.004214 0.004214 0.008386 0.008386 0.004781 0.004781 1.000000 
num_errors_bg: 396.000000
num_pixels_bg: 93980.000000
num_errors_fg: 124.000000
num_pixels_bg: 14787.000000
num_errors_all: 520.000000
num_pixels_all: 108767.000000
