0.004708 0.004708 0.009214 0.009214 0.004888 0.004888 1.000000 
num_errors_bg: 466.000000
num_pixels_bg: 98978.000000
num_errors_fg: 38.000000
num_pixels_bg: 4124.000000
num_errors_all: 504.000000
num_pixels_all: 103102.000000
