0.005896 0.005896 0.015694 0.015694 0.007519 0.007519 1.000000 
num_errors_bg: 456.000000
num_pixels_bg: 77345.000000
num_errors_fg: 241.000000
num_pixels_bg: 15356.000000
num_errors_all: 697.000000
num_pixels_all: 92701.000000
