0.021014 0.021014 0.003610 0.003610 0.018212 0.018212 1.000000 
num_errors_bg: 971.000000
num_pixels_bg: 46208.000000
num_errors_fg: 32.000000
num_pixels_bg: 8865.000000
num_errors_all: 1003.000000
num_pixels_all: 55073.000000
