0.003343 0.003343 0.009565 0.009565 0.003528 0.003528 1.000000 
num_errors_bg: 354.000000
num_pixels_bg: 105892.000000
num_errors_fg: 31.000000
num_pixels_bg: 3241.000000
num_errors_all: 385.000000
num_pixels_all: 109133.000000
