0.014724 0.014724 0.005467 0.005467 0.012409 0.012409 1.000000 
num_errors_bg: 654.000000
num_pixels_bg: 44416.000000
num_errors_fg: 81.000000
num_pixels_bg: 14817.000000
num_errors_all: 735.000000
num_pixels_all: 59233.000000
