0.009623 0.009623 0.003110 0.003110 0.008884 0.008884 1.000000 
num_errors_bg: 774.000000
num_pixels_bg: 80430.000000
num_errors_fg: 32.000000
num_pixels_bg: 10291.000000
num_errors_all: 806.000000
num_pixels_all: 90721.000000
