0.014406 0.014406 0.010779 0.010779 0.014065 0.014065 1.000000 
num_errors_bg: 978.000000
num_pixels_bg: 67889.000000
num_errors_fg: 76.000000
num_pixels_bg: 7051.000000
num_errors_all: 1054.000000
num_pixels_all: 74940.000000
