0.008694 0.008694 0.006388 0.006388 0.008315 0.008315 1.000000 
num_errors_bg: 795.000000
num_pixels_bg: 91441.000000
num_errors_fg: 115.000000
num_pixels_bg: 18003.000000
num_errors_all: 910.000000
num_pixels_all: 109444.000000
